Алгоритм Краскала
Длительность: 0.637054443359375 миллисекунд
Минимальное остовное дерево:
(1 29 3) (4 43 5) (4 47 5) (7 88 5) (12 74 5) (14 40 5) (21 22 5) (23 25 5) (34 76 5) (48 93 5) (53 81 5) (82 94 5) (6 15 6) (17 57 6) (25 68 6) (35 40 6) (38 63 6) (40 74 6) (45 100 6) (46 74 6) (65 97 6) (82 99 6) (4 46 7) (4 70 7) (6 70 7) (6 95 7) (14 31 7) (20 78 7) (21 68 7) (26 60 7) (26 93 7) (29 72 7) (34 88 7) (36 56 7) (46 63 7) (80 90 7) (80 93 7) (2 68 8) (3 96 8) (17 97 8) (40 62 8) (44 99 8) (62 65 8) (63 77 8) (77 96 8) (5 97 9) (7 75 9) (11 99 9) (20 65 9) (38 92 9) (42 65 9) (48 49 9) (52 78 9) (62 99 9) (6 75 10) (8 97 10) (10 20 10) (20 56 10) (21 73 10) (32 84 10) (41 55 10) (60 77 10) (85 98 10) (2 87 11) (4 58 11) (12 66 11) (13 63 11) (21 58 11) (39 41 11) (96 98 11) (3 9 12) (19 22 12) (24 99 12) (32 47 12) (39 64 12) (43 89 12) (65 100 12) (84 86 12) (16 77 13) (77 91 13) (81 88 13) (8 33 14) (39 58 14) (45 67 14) (47 51 14) (47 79 14) (72 89 15) (26 54 16) (42 83 16) (20 50 17) (59 84 17) (61 73 17) (64 69 18) (14 30 21) (18 35 21) (27 93 21) (28 35 21) (37 41 21) (35 71 25) 
Вес: 986
Алгоритм Прима
Длительность: 76.53331756591797 миллисекунд
Минимальное остовное дерево:
(1 29 3) (29 72 7) (72 89 15) (89 43 12) (43 4 5) (4 47 5) (4 46 7) (46 74 6) (74 12 5) (74 40 6) (40 14 5) (40 35 6) (4 70 7) (14 31 7) (46 63 7) (63 38 6) (70 6 7) (6 15 6) (6 95 7) (40 62 8) (62 65 8) (65 97 6) (63 77 8) (77 96 8) (96 3 8) (97 17 8) (17 57 6) (38 92 9) (62 99 9) (99 82 6) (82 94 5) (99 44 8) (65 20 9) (20 78 7) (65 42 9) (78 52 9) (97 5 9) (99 11 9) (6 75 10) (75 7 9) (7 88 5) (88 34 7) (34 76 5) (20 10 10) (20 56 10) (56 36 7) (77 60 10) (60 26 7) (26 93 7) (93 48 5) (93 80 7) (80 90 7) (48 49 9) (97 8 10) (4 58 11) (12 66 11) (58 21 11) (21 22 5) (21 68 7) (68 25 6) (25 23 5) (68 2 8) (21 73 10) (2 87 11) (63 13 11) (96 98 11) (98 85 10) (3 9 12) (22 19 12) (47 32 12) (32 84 10) (65 100 12) (100 45 6) (84 86 12) (99 24 12) (77 16 13) (77 91 13) (88 81 13) (81 53 5) (8 33 14) (45 67 14) (47 51 14) (47 79 14) (58 39 14) (39 41 11) (41 55 10) (39 64 12) (26 54 16) (42 83 16) (20 50 17) (73 61 17) (84 59 17) (64 69 18) (14 30 21) (35 18 21) (35 28 21) (41 37 21) (93 27 21) (35 71 25) 
Вес: 986
Алгоритм Борувки
Длительность: 222.37920761108398 миллисекунд
Минимальное остовное дерево:
(1 29 3) (4 43 5) (4 47 5) (7 88 5) (12 74 5) (14 40 5) (21 22 5) (23 25 5) (34 76 5) (48 93 5) (53 81 5) (82 94 5) (6 15 6) (74 40 6) (74 46 6) (40 35 6) (17 57 6) (25 68 6) (38 63 6) (45 100 6) (65 97 6) (82 99 6) (29 72 7) (4 46 7) (4 70 7) (70 6 7) (6 95 7) (46 63 7) (14 31 7) (88 34 7) (20 78 7) (21 68 7) (26 60 7) (26 93 7) (93 80 7) (80 90 7) (36 56 7) (2 68 8) (3 96 8) (96 77 8) (77 63 8) (40 62 8) (62 65 8) (97 17 8) (44 99 8) (65 20 9) (65 42 9) (78 52 9) (97 5 9) (38 92 9) (62 99 9) (99 11 9) (7 75 9) (48 49 9) (21 73 10) (6 75 10) (20 10 10) (20 56 10) (77 60 10) (97 8 10) (32 84 10) (41 55 10) (85 98 10) (2 87 11) (21 58 11) (58 4 11) (12 66 11) (63 13 11) (96 98 11) (39 41 11) (3 9 12) (22 19 12) (43 89 12) (47 32 12) (65 100 12) (84 86 12) (99 24 12) (39 64 12) (77 16 13) (77 91 13) (88 81 13) (8 33 14) (45 67 14) (47 51 14) (47 79 14) (58 39 14) (72 89 15) (26 54 16) (42 83 16) (20 50 17) (73 61 17) (84 59 17) (64 69 18) (14 30 21) (35 18 21) (35 28 21) (41 37 21) (93 27 21) (35 71 25) 
Вес: 986
